11
12
14
15
15
17
19
19
22
23
24
24
25
27
28
28
30
31
31
31
33
35
35
38
39
39
39
41
42
43
44
44
46
47
47
48
48
49
51
51
51
52
54
55
55
56
56
56
57
58
59
60
60
60
60
62
62
63
63
63
63
63
63
63
65
67
67
68
70
71
71
71
72
73
75
76
76
76
78
78
79
79
79
79
80
81
81
83
83
83
84
85
86
87
87
87
88
88
88
88
89
89
89
91
91
91
92
92
92
92
92
92
92
92
94
94
94
94
94
94
94
95
95
95
95
95
95
95
95
95
95
96
96
96
97
99
99
99
99
100
100
101
102
102
103
103
103
103
103
103
103
103
103
104
104
105
105
105
105
107
107
107
107
107
108
108
108
108
108
108
108
108
108
108
108
108
108